Timestamp, X, Y, Theta
0.009632, 0.0, 0.0, 0.0
0.011251, 0.0, 0.0, 0.0
0.012108, -0.46600291028248597, 0.0, 0.0
0.012911, -3.0290138344609683, -0.005104154396099543, 0.003982930857115268
0.013871, -5.359009904527392, -0.014384416713793627, 0.003982930857115268
0.014748, -7.922020828705874, -0.01948857110989317, 0.0
0.015547, -10.485031752884357, -0.024592725505992716, 0.003982930857115268
0.016394, -13.048042677062838, -0.029696879902092257, 0.0
0.017203, -15.61105360124132, -0.0348010342981918, 0.003982930857115268
0.018026, -17.941049671307745, -0.04408129661588588, 0.003982930857115268
0.018823, -20.27104574137417, -0.05336155893357997, 0.003982930857115268
0.019709, -22.83405666555265, -0.05846571332967951, 0.0
0.020547, -25.397067589731133, -0.06356986772577905, 0.003982930857115268
0.021396, -27.960078513909615, -0.06867402212187859, 0.0
0.022322, -30.290093065322043, -0.06867402212187859, 0.0
0.023098, -33.086110527016956, -0.06867402212187859, 0.0
0.023895, -35.64912145119544, -0.07377817651797813, 0.003982930857115268
0.024734, -37.97911752126186, -0.08305843883567221, 0.003982930857115268
0.025536, -40.54212844544035, -0.08816259323177175, 0.0
0.026232, -43.10513936961883, -0.0932667476278713, 0.003982930857115268
0.027494, -45.66815029379732, -0.09837090202397084, 0.0
0.028945, -47.99816484520975, -0.09837090202397084, 0.0
0.029765, -50.561175769388235, -0.10347505642007038, 0.003982930857115268
0.030612, -53.12418669356672, -0.10857921081616992, 0.0
0.031384, -55.45420124497915, -0.10857921081616992, 0.0
0.032093, -58.01721216915764, -0.11368336521226946, 0.003982930857115268
0.032856, -60.11422110712185, -0.1178594915363509, 3.469446951953614e-18
0.033687, -62.910238568816766, -0.11785949153635092, 3.469446951953614e-18
0.034505, -65.70625603051168, -0.11785949153635093, 3.469446951953614e-18
0.035693, -67.8032649684759, -0.1136833652122695, -0.003982930857115261
0.03647, -70.36627589265439, -0.10857921081616997, 6.938893903907228e-18
0.037192, -73.1622933543493, -0.10857921081616999, 6.938893903907228e-18
0.038007, -75.49230790576173, -0.10857921081617, 6.938893903907228e-18
0.038762, -77.82232245717417, -0.10857921081617002, 6.938893903907228e-18
0.039565, -80.38533338135265, -0.10347505642007049, -0.003982930857115261
0.04029, -82.71532945141908, -0.09419479410237643, -0.003982930857115261
0.041081, -85.51132473549879, -0.08305847932114355, -0.003982930857115261
0.042383, -88.07433565967727, -0.07795432492504402, 6.938893903907228e-18
0.043899, -90.4043502110897, -0.07795432492504403, 6.938893903907228e-18
0.045295, -92.96736113526819, -0.0728501705289445, -0.003982930857115261
0.046638, -95.29735720533462, -0.06356990821125044, -0.003982930857115261
0.047923, -97.86032747063251, -0.04825752599381392, -0.007965861714230528
0.049264, -100.4232977359304, -0.0329451437763774, -0.003982930857115261
0.050545, -101.58824725783118, -0.04454531065250092, 0.023897585142691594
0.051325, -101.58824725783118, -0.04454531065250092, 0.07169275542807477
0.052073, -102.05212273493372, -0.08902287954563291, 0.11948792571345795
0.052891, -102.28266634285048, -0.12277673779419557, 0.1712660268559564
0.053682, -101.82587361817068, -0.03058607085147276, 0.22702705885557012
0.054472, -102.27681839251626, -0.14809148724645083, 0.2827880908551838
0.05523, -102.0548294515286, -0.07730597900418792, 0.3345661919976822
0.056076, -101.83680151884109, 0.0048736940661165545, 0.38634429314018065
0.057388, -102.05028404707846, -0.08847987166820442, 0.4381223942826791
0.058801, -102.05028404707846, -0.08847987166820442, 0.49388342628229276
0.060048, -102.05028404707846, -0.08847987166820442, 0.5416785965676759
0.061373, -102.05028404707846, -0.08847987166820442, 0.5974396285672896
0.062612, -102.05028404707846, -0.08847987166820442, 0.6532006605669033
0.063961, -102.05028404707846, -0.08847987166820442, 0.708961692566517
0.065318, -101.87741308293877, 0.06774211095699756, 0.7607397937090155
0.06668, -102.04196710400014, -0.09721743635832225, 0.8125178948515139
0.068074, -101.88617109214654, 0.0760375225561356, 0.8642959959940124
0.069361, -101.88617109214654, 0.0760375225561356, 0.9200570279936261
0.070745, -102.02247131017873, -0.11293847767223378, 0.9718351291361246
0.072073, -101.89613420675043, 0.08283847295088168, 1.023613230278623
0.073476, -102.01136388307614, -0.11967522977515588, 1.0833571931353518
0.074733, -102.01136388307614, -0.11967522977515588, 1.131152363420735
0.076121, -102.01136388307614, -0.11967522977515588, 1.1869133954203488
0.077519, -102.01136388307614, -0.11967522977515588, 1.2426744274199626
0.078914, -102.01136388307614, -0.11967522977515588, 1.2904695977053458
0.080166, -102.01136388307614, -0.11967522977515588, 1.3462306297049595
0.081479, -102.01136388307614, -0.11967522977515588, 1.4019916617045733
0.082841, -102.01136388307614, -0.11967522977515588, 1.4497868319899565
0.084162, -102.01136388307614, -0.11967522977515588, 1.5055478639895703
0.085586, -102.02053231573899, -0.35249622955920334, 1.5573259651320688
0.086883, -102.02342581394986, -0.11951274137594106, 1.6091040662745673
0.088231, -102.03837348738043, 0.11300875259171306, 1.6608821674170657
0.089519, -102.01049012575905, -0.11831828050781024, 1.7206261302737946
0.090892, -102.01049012575905, -0.11831828050781024, 1.7684213005591778
0.092336, -102.01049012575905, -0.11831828050781024, 1.816216470844561
0.094009, -101.94715378890206, -0.3425462594298747, 1.8759604337012898
0.095342, -102.02288839083728, -0.12219665501078608, 1.9277385348437883
0.096673, -102.02288839083728, -0.12219665501078608, 1.9755337051291715
0.097981, -102.02288839083728, -0.12219665501078608, 2.031294737128785
0.099316, -102.02288839083728, -0.12219665501078608, 2.0870557691283986
0.100594, -102.02288839083728, -0.12219665501078608, 2.134850939413782
0.101968, -102.02288839083728, -0.12219665501078608, 2.1906119714133956
0.1035, -102.02288839083728, -0.12219665501078608, 2.246373003413009
0.104961, -102.02288839083728, -0.12219665501078608, 2.2941681736983925
0.106408, -102.02288839083728, -0.12219665501078608, 2.349929205698006
0.107723, -102.19084652104686, 0.03929558812936912, 2.4017073068405046
0.109145, -102.0147554601175, -0.11328755759356893, 2.453485407983003
0.110443, -102.0147554601175, -0.11328755759356893, 2.5012805782683865
0.11184, -102.0147554601175, -0.11328755759356893, 2.557041610268
0.112664, -102.0147554601175, -0.11328755759356893, 2.6128026422676136
0.113506, -102.0147554601175, -0.11328755759356893, 2.660597812552997
0.114315, -102.22404075315596, -0.010870058035417213, 2.7123759136954955
0.115243, -102.00973532698197, -0.10231874534320438, 2.764154014837994
0.1168, -102.00973532698197, -0.10231874534320438, 2.8199150468376075
0.117744, -106.69591786779624, 1.3053180101294288, 2.8796590096943366
0.118636, -117.58529182761816, 3.8557989649295825, 2.943385903408181
0.119996, -129.9853017064196, 5.988509995334375, 2.9991469354077944
0.12084, -141.78215108200484, 7.417424808221131, 3.0429591748360623
0.121734, -153.62263246407514, 8.422637906812675, 3.0708396908358693
0.122603, -165.71483385784887, 9.18287144279821, 3.0867714142643305
0.123492, -177.34740461932955, 9.821223010499311, 3.0867714142643305
0.124357, -188.7433830474862, 10.514903612890919, 3.074822621692985
0.125113, -199.6622323005805, 11.354325977701135, 3.0549079674074084
0.125893, -210.33232495520082, 12.367282836136855, 3.038976243978947
0.126709, -220.75102275878214, 13.545134365817734, 3.019061589693371
0.127484, -230.68228070702992, 14.868663877559186, 2.9991469354077944
0.128296, -240.3636159685783, 16.296508308251852, 2.991181073693564
0.12913, -250.02719950764072, 17.83992832507244, 2.9752493502651025
0.129947, -258.7531323853158, 19.340724976098038, 2.967283488550872
0.130897, -267.9187931088015, 21.030147498337715, 2.9513517651224106
0.131725, -276.5994972069125, 22.77361287925567, 2.9354200416939493
0.132563, -284.79596510033736, 24.55612147305852, 2.919488318265488
0.133417, -292.7324142906358, 26.431656042130367, 2.8995736639799117
0.134288, -300.40034939126417, 28.422042731637262, 2.87567607883722
0.135068, -308.24703765993075, 30.643379915484573, 2.855761424551644
0.135906, -315.3836014545047, 32.80256670181491, 2.8398297011231826
0.136949, -322.2759773814506, 34.96301451043538, 2.8358467702660675
0.137833, -328.93340863293116, 37.093582373694694, 2.827880908551837
0.138622, -335.139041692317, 39.10684489036762, 2.827880908551837
0.140021, -341.1191669841687, 41.06011825248341, 2.8238979776947217
0.141259, -346.64907265654494, 42.8907443928604, 2.8199150468376066
0.142026, -351.9542717738215, 44.658714107097474, 2.8199150468376066
0.142749, -356.59323105420214, 46.214929013902065, 2.8159321159804915
0.14353, -361.0083271830987, 47.7058339108614, 2.8159321159804915
0.144263, -364.97653784130216, 49.06346415354606, 2.807966254266261
0.145082, -368.4990017078161, 50.28428596780705, 2.807966254266261
0.145811, -371.799025762899, 51.4353805807341, 2.803983323409146
0.146722, -374.8769025673574, 52.515867176566104, 2.803983323409146
0.148081, -377.95477937181573, 53.59635377239811, 2.803983323409146
0.149465, -380.5929594899229, 54.52248514025412, 2.803983323409146
0.150193, -383.0129771303171, 55.36662118973395, 2.807966254266261
0.15097, -385.6584509024527, 56.27170801819039, 2.8159321159804915
0.151702, -387.86599896690103, 57.017160466670056, 2.8159321159804915
0.152552, -389.6320374184597, 57.613522425453795, 2.8159321159804915
0.153388, -391.62016282433706, 58.28047167122719, 2.8199150468376066
0.154262, -393.16648258446395, 58.79920997349539, 2.8159321159804915
0.155042, -394.71280234459084, 59.317948275763584, 2.8199150468376066
0.156423, -396.03910212390997, 59.75994070432285, 2.8199150468376066
0.157174, -397.3654019032291, 60.20193313288212, 2.8199150468376066
0.157943, -398.911721663356, 60.720671435150315, 2.8159321159804915
0.158682, -400.01623577773233, 61.091198793913314, 2.8199150468376066
0.159548, -401.1222169122076, 61.45732402198871, 2.8238979776947217
0.160283, -402.0075833654907, 61.74846160624726, 2.8238979776947217
0.161149, -403.3356330454153, 62.185167982635086, 2.8238979776947217
0.161936, -403.9992217261005, 62.404843119480326, 2.8199150468376066
0.163302, -404.88458817938357, 62.695980703738876, 2.8278809085518373
0.164038, -406.2143666921091, 63.127394100168786, 2.8278809085518373
0.164786, -406.8796842021669, 63.341776267551914, 2.8318638394089524
0.165515, -407.7673417023643, 63.62585198265316, 2.8318638394089524
0.166301, -408.6549992025617, 63.909927697754405, 2.8318638394089524
0.167047, -409.54265670275913, 64.19400341285565, 2.8318638394089524
0.167884, -410.20966082472165, 64.40307900723828, 2.843812631980298
0.168654, -411.3227134294129, 64.74710786015393, 2.839829701123183
0.169952, -411.9905449922276, 64.95352517190332, 2.843812631980298
0.170715, -412.881533407155, 65.22697442502385, 2.843812631980298
0.171504, -413.3275686443159, 65.3619235991695, 2.8517784936945287
0.172265, -414.21963911863764, 65.6318219474608, 2.843812631980298
0.173055, -414.88828752801356, 65.83557770203109, 2.847795562837413
0.173832, -415.5577421767013, 66.03666866709861, 2.8517784936945283
0.174842, -416.4498126510231, 66.3065670153899, 2.8438126319802977
0.175691, -416.89584788818394, 66.44151618953555, 2.8517784936945283
0.177017, -417.5653025368717, 66.64260715460307, 2.847795562837413
0.177719, -418.45737301119345, 66.91250550289436, 2.847795562837413
0.178514, -419.3494434855152, 67.18240385118565, 2.847795562837413
0.179257, -420.01809189489114, 67.38615960575595, 2.843812631980298
0.180039, -420.68674030426706, 67.58991536032624, 2.847795562837413
0.180774, -420.90962310739235, 67.65783394518301, 2.843812631980298
0.181569, -421.80061152231974, 67.93128319830355, 2.843812631980298
0.182373, -422.913664127011, 68.2753120512192, 2.839829701123183
0.183704, -423.1359988343318, 68.34500391601341, 2.835846770266068
0.184442, -423.80300295629434, 68.55407951039604, 2.839829701123183
0.185216, -424.47000707825686, 68.76315510477866, 2.835846770266068
0.185909, -425.1370112002194, 68.97223069916129, 2.839829701123183
0.186699, -425.8040153221819, 69.18130629354391, 2.835846770266068
0.187431, -426.4701814221274, 69.39303685384365, 2.831863839408953
0.188219, -427.13634752207287, 69.6047674141434, 2.835846770266068
0.18905, -427.5807384772546, 69.74503641051959, 2.835846770266068
0.190372, -428.02512943243636, 69.88530540689578, 2.835846770266068
0.19138, -428.9139113427999, 70.16584339964817, 2.835846770266068
0.192147, -429.35830229798165, 70.30611239602436, 2.835846770266068
0.192848, -429.8026932531634, 70.44638139240055, 2.835846770266068
0.193633, -430.24708420834514, 70.58665038877675, 2.835846770266068
0.194357, -430.6914751635269, 70.72691938515294, 2.835846770266068
0.195157, -431.3576412634724, 70.93864994545268, 2.831863839408953
0.195884, -432.02380736341786, 71.15038050575242, 2.835846770266068
0.196801, -432.24586273006634, 71.22095735918568, 2.831863839408953
0.197902, -432.9120288300118, 71.43268791948542, 2.835846770266068
0.198683, -433.5781949299573, 71.64441847978516, 2.831863839408953
0.199401, -434.022023680056, 71.78645633733578, 2.831863839408953
0.200182, -434.4658524301547, 71.9284941948864, 2.831863839408953
0.2009, -434.6879077968032, 71.99907104831965, 2.835846770266068
0.201674, -435.3540738967487, 72.21080160861939, 2.831863839408953
0.202373, -435.57612926339715, 72.28137846205264, 2.835846770266068
0.203427, -436.24229536334263, 72.49310902235239, 2.831863839408953
0.204598, -436.68612411344134, 72.635146879903, 2.831863839408953
0.205621, -437.1293836176832, 72.77895134537964, 2.823897977694722
0.206541, -437.5720668443247, 72.92452013750892, 2.823897977694722
0.207441, -437.7935529662451, 72.99686359536506, 2.8278809085518373
0.20834, -438.0153254695977, 73.0683243178261, 2.8318638394089524
0.209161, -438.9029829697951, 73.35240003292733, 2.8318638394089524
0.210005, -438.9029829697951, 73.35240003292733, 2.8318638394089524
0.210864, -439.7906404699925, 73.63647574802857, 2.8318638394089524
0.211724, -440.012695836641, 73.70705260146183, 2.8358467702660675
0.212566, -440.45708679182275, 73.84732159783802, 2.8358467702660675
0.21341, -441.12325289176823, 74.05905215813776, 2.8318638394089524
0.214307, -441.3453082584167, 74.12962901157101, 2.8358467702660675
0.215174, -442.0114743583622, 74.34135957187075, 2.8318638394089524
0.216107, -442.4553031084609, 74.48339742942137, 2.8318638394089524
0.216975, -442.6770756118135, 74.55485815188241, 2.8278809085518373
0.217798, -443.3415339775748, 74.77188852545083, 2.823897977694722
0.218612, -443.56273020446986, 74.84511357106591, 2.819915046837607
0.219442, -444.22543867309565, 75.0674299863237, 2.815932115980492
0.220285, -444.4463414959709, 75.1415354580763, 2.819915046837607
0.221152, -444.66724431884614, 75.21564092982891, 2.815932115980492
0.22209, -445.1087539317358, 75.36473141952484, 2.815932115980492
0.222877, -445.7705716752825, 75.58968558643045, 2.811949185123377
0.223837, -445.99117758979804, 75.66467030873231, 2.815932115980492
0.224603, -446.2117835043136, 75.73965503103418, 2.811949185123377
0.22542, -446.8736012478603, 75.96460919793978, 2.815932115980492
0.226159, -447.0942071623758, 76.03959392024164, 2.811949185123377
0.227017, -447.31481307689137, 76.1145786425435, 2.815932115980492
0.227777, -447.75632268978103, 76.26366913223944, 2.815932115980492
0.228691, -448.1978323026707, 76.41275962193538, 2.815932115980492
0.230035, -448.63934191556035, 76.56185011163132, 2.815932115980492
0.231489, -448.8599478300759, 76.63683483393318, 2.811949185123377
0.232631, -449.08055374459144, 76.71181955623504, 2.815932115980492
0.233382, -449.74237148813813, 76.93677372314065, 2.811949185123377
0.234111, -450.4041892316848, 77.16172789004625, 2.815932115980492
0.234853, -450.4041892316848, 77.16172789004625, 2.815932115980492
0.235569, -450.62509205456007, 77.23583336179885, 2.819915046837607
0.23633, -451.0671919809998, 77.38316417131861, 2.819915046837607
0.237049, -451.5092919074395, 77.53049498083837, 2.819915046837607
0.237878, -451.5092919074395, 77.53049498083837, 2.819915046837607
0.239061, -452.1720003760653, 77.75281139609616, 2.815932115980492
0.240314, -452.39260629058083, 77.82779611839803, 2.811949185123377
0.241394, -452.83351858593676, 77.97864392314077, 2.811949185123377
0.242171, -452.83351858593676, 77.97864392314077, 2.811949185123377
0.242829, -453.2750281988264, 78.1277344128367, 2.8199150468376075
0.243835, -453.71712812526613, 78.27506522235646, 2.8199150468376075
0.244544, -453.9383243521612, 78.34829026797154, 2.8238979776947226
0.245318, -454.3810075788027, 78.49385906010082, 2.8238979776947226
0.246051, -454.60249370072313, 78.56620251795695, 2.8278809085518377
0.246875, -454.60249370072313, 78.56620251795695, 2.8278809085518377
0.248063, -454.82426620407574, 78.637663240418, 2.831863839408953
0.248834, -455.2686571592575, 78.77793223679419, 2.8398297011231834
0.249677, -455.49126768019573, 78.84673800737731, 2.8438126319802985
0.250381, -456.1590992430105, 79.0531553191267, 2.8398297011231834
0.251078, -456.1590992430105, 79.0531553191267, 2.8398297011231834
0.251814, -456.6040453535828, 79.19165322914077, 2.8398297011231834
0.252526, -456.82665587452107, 79.2604589997239, 2.8438126319802985
0.253342, -457.27215008198476, 79.39718362628416, 2.8438126319802985
0.254525, -457.49503288511005, 79.46510221114093, 2.8477955628374136
0.255329, -457.9410681222709, 79.60005138528658, 2.8477955628374136
0.256206, -458.1639509253962, 79.66796997014335, 2.8438126319802985
0.256997, -458.3868337285215, 79.73588855500012, 2.8477955628374136
0.257648, -458.83286896568234, 79.87083772914576, 2.8477955628374136
0.258419, -459.2789042028432, 80.00578690329141, 2.8477955628374136
0.259117, -459.2789042028432, 80.00578690329141, 2.8477955628374136
0.259906, -459.5020557524058, 80.07281722498058, 2.8517784936945287
0.261401, -459.7252073019684, 80.13984754666976, 2.8477955628374136
0.262181, -460.17124253912925, 80.2747967208154, 2.8477955628374136
0.26317, -460.61673674659295, 80.41152134737567, 2.839829701123183
0.26392, -460.8393472675312, 80.4803271179588, 2.843812631980298
0.264787, -461.0622300706565, 80.54824570281556, 2.847795562837413
0.265529, -461.0622300706565, 80.54824570281556, 2.847795562837413
0.266204, -461.7308784800324, 80.75200145738586, 2.843812631980298
0.266998, -461.7308784800324, 80.75200145738586, 2.843812631980298
0.268341, -461.95348900097065, 80.82080722796898, 2.839829701123183
0.26913, -462.398435111543, 80.95930513798305, 2.839829701123183
0.269813, -462.84338122211534, 81.09780304799712, 2.839829701123183
0.270641, -462.84338122211534, 81.09780304799712, 2.839829701123183
0.271339, -463.0657159294362, 81.16749491279133, 2.835846770266068
0.272066, -463.5101068846179, 81.30776390916752, 2.835846770266068
0.27279, -463.5101068846179, 81.30776390916752, 2.835846770266068
0.27357, -463.95393563471663, 81.44980176671814, 2.8278809085518373
0.274769, -464.39719513895847, 81.59360623219477, 2.8278809085518373
0.27601, -464.39719513895847, 81.59360623219477, 2.8278809085518373
0.277485, -464.39719513895847, 81.59360623219477, 2.8278809085518373
0.27827, -464.6189676423111, 81.66506695465581, 2.8318638394089524
0.279295, -465.0622271465529, 81.80887142013245, 2.8238979776947217
0.280025, -465.2837132684733, 81.88121487798858, 2.827880908551837
0.280876, -465.2837132684733, 81.88121487798858, 2.827880908551837
0.281609, -465.72697277271516, 82.02501934346522, 2.827880908551837
0.282302, -466.170232276957, 82.16882380894185, 2.827880908551837
0.283142, -466.3917183988774, 82.24116726679799, 2.8238979776947217
0.284325, -466.6129146257725, 82.31439231241306, 2.8199150468376066
0.285633, -466.6129146257725, 82.31439231241306, 2.8199150468376066
0.287001, -466.83411085266755, 82.38761735802814, 2.8238979776947217
0.287713, -467.05559697458796, 82.45996081588427, 2.827880908551837
0.288463, -467.05559697458796, 82.45996081588427, 2.827880908551837
0.289211, -467.4988564788298, 82.60376528136091, 2.827880908551837
0.290012, -467.4988564788298, 82.60376528136091, 2.827880908551837
0.290757, -468.1641739888876, 82.81814744874403, 2.831863839408952
0.291628, -468.38594649224024, 82.88960817120507, 2.827880908551837
0.292381, -468.60743261416064, 82.9619516290612, 2.8238979776947217
0.293867, -468.82891873608105, 83.03429508691734, 2.827880908551837
0.295211, -468.82891873608105, 83.03429508691734, 2.827880908551837
0.296854, -469.05069123943366, 83.10575580937838, 2.831863839408952
0.297673, -469.49451998953236, 83.247793666929, 2.831863839408952
0.298516, -469.71657535618084, 83.31837052036225, 2.835846770266067
0.299489, -469.9386307228293, 83.3889473737955, 2.831863839408952
0.300452, -469.9386307228293, 83.3889473737955, 2.831863839408952
0.30134, -469.9386307228293, 83.3889473737955, 2.831863839408952
0.30217, -470.60394823288715, 83.60332954117862, 2.827880908551837
0.303214, -470.60394823288715, 83.60332954117862, 2.827880908551837
0.304042, -471.047207737129, 83.74713400665526, 2.827880908551837
0.304838, -471.047207737129, 83.74713400665526, 2.827880908551837
0.305661, -471.2689802404816, 83.8185947291163, 2.831863839408952
0.306594, -471.4907527438342, 83.89005545157734, 2.827880908551837
0.30741, -471.7125252471868, 83.96151617403838, 2.831863839408952
0.308205, -471.93429775053943, 84.03297689649942, 2.827880908551837
0.309012, -472.15607025389204, 84.10443761896046, 2.831863839408952
0.309841, -472.3781256205405, 84.17501447239371, 2.835846770266067
0.310657, -472.600180987189, 84.24559132582696, 2.831863839408952
0.311487, -472.82223635383747, 84.31616817926022, 2.835846770266067
0.312361, -473.48840245378295, 84.52789873955996, 2.831863839408952
0.313242, -473.93223120388166, 84.66993659711058, 2.831863839408952
0.314031, -474.37605995398036, 84.8119744546612, 2.831863839408952
0.314768, -474.81988870407906, 84.95401231221182, 2.831863839408952
0.315536, -475.26371745417777, 85.09605016976244, 2.831863839408952
0.316252, -475.70754620427647, 85.23808802731305, 2.831863839408952
0.31695, -476.15137495437517, 85.38012588486367, 2.831863839408952
0.317682, -476.37343032102365, 85.45070273829693, 2.835846770266067
0.318369, -477.03959642096913, 85.66243329859667, 2.831863839408952
0.319071, -477.48342517106784, 85.80447115614729, 2.831863839408952
0.319729, -478.1495912710133, 86.01620171644703, 2.835846770266067
0.32044, -478.593420021112, 86.15823957399765, 2.8278809085518364
0.321708, -478.81519252446463, 86.22970029645869, 2.8318638394089515
0.323002, -479.25902127456334, 86.37173815400931, 2.8318638394089515
0.32427, -479.70285002466204, 86.51377601155993, 2.8318638394089515
0.325455, -480.3681675347199, 86.72815817894305, 2.8278809085518364
0.326663, -480.8119962848186, 86.87019603649367, 2.835846770266067
0.327883, -481.2558250349173, 87.01223389404429, 2.8278809085518364
0.329086, -481.6990845391591, 87.15603835952092, 2.8278809085518364
0.330305, -482.36440204921695, 87.37042052690404, 2.8318638394089515
0.331601, -482.58617455256956, 87.44188124936508, 2.8278809085518364
0.332853, -483.2514920626274, 87.6562634167482, 2.8318638394089515
0.334075, -483.2514920626274, 87.6562634167482, 2.8318638394089515
0.335257, -483.9168095726852, 87.87064558413132, 2.8278809085518364
0.336422, -484.36006907692706, 88.01445004960796, 2.8278809085518364
0.337637, -485.0253865869849, 88.22883221699108, 2.8318638394089515
0.33885, -485.2471590903375, 88.30029293945212, 2.8278809085518364
0.340129, -485.91247660039534, 88.51467510683524, 2.8318638394089515
